{
 "cells": [
  {
   "cell_type": "code",
   "execution_count": 31,
   "metadata": {},
   "outputs": [
    {
     "ename": "FileNotFoundError",
     "evalue": "[Errno 2] No such file or directory: '../src/external_data/cleaned_with_popdensity.csv'",
     "output_type": "error",
     "traceback": [
      "\u001b[1;31m---------------------------------------------------------------------------\u001b[0m",
      "\u001b[1;31mFileNotFoundError\u001b[0m                         Traceback (most recent call last)",
      "Cell \u001b[1;32mIn[31], line 6\u001b[0m\n\u001b[0;32m      4\u001b[0m data \u001b[38;5;241m=\u001b[39m pd\u001b[38;5;241m.\u001b[39mread_csv(\u001b[38;5;124m'\u001b[39m\u001b[38;5;124m../src/cleaned_data.csv\u001b[39m\u001b[38;5;124m'\u001b[39m)\n\u001b[0;32m      5\u001b[0m raw \u001b[38;5;241m=\u001b[39m pd\u001b[38;5;241m.\u001b[39mread_csv(\u001b[38;5;124m'\u001b[39m\u001b[38;5;124m../src/raw_data.csv\u001b[39m\u001b[38;5;124m'\u001b[39m)\n\u001b[1;32m----> 6\u001b[0m popdense \u001b[38;5;241m=\u001b[39m \u001b[43mpd\u001b[49m\u001b[38;5;241;43m.\u001b[39;49m\u001b[43mread_csv\u001b[49m\u001b[43m(\u001b[49m\u001b[38;5;124;43m'\u001b[39;49m\u001b[38;5;124;43m../src/external_data/cleaned_with_popdensity.csv\u001b[39;49m\u001b[38;5;124;43m'\u001b[39;49m\u001b[43m)\u001b[49m\n",
      "File \u001b[1;32mc:\\Users\\Viktor C\\AppData\\Local\\Programs\\Python\\Python311\\Lib\\site-packages\\pandas\\io\\parsers\\readers.py:912\u001b[0m, in \u001b[0;36mread_csv\u001b[1;34m(filepath_or_buffer, sep, delimiter, header, names, index_col, usecols, dtype, engine, converters, true_values, false_values, skipinitialspace, skiprows, skipfooter, nrows, na_values, keep_default_na, na_filter, verbose, skip_blank_lines, parse_dates, infer_datetime_format, keep_date_col, date_parser, date_format, dayfirst, cache_dates, iterator, chunksize, compression, thousands, decimal, lineterminator, quotechar, quoting, doublequote, escapechar, comment, encoding, encoding_errors, dialect, on_bad_lines, delim_whitespace, low_memory, memory_map, float_precision, storage_options, dtype_backend)\u001b[0m\n\u001b[0;32m    899\u001b[0m kwds_defaults \u001b[38;5;241m=\u001b[39m _refine_defaults_read(\n\u001b[0;32m    900\u001b[0m     dialect,\n\u001b[0;32m    901\u001b[0m     delimiter,\n\u001b[1;32m   (...)\u001b[0m\n\u001b[0;32m    908\u001b[0m     dtype_backend\u001b[38;5;241m=\u001b[39mdtype_backend,\n\u001b[0;32m    909\u001b[0m )\n\u001b[0;32m    910\u001b[0m kwds\u001b[38;5;241m.\u001b[39mupdate(kwds_defaults)\n\u001b[1;32m--> 912\u001b[0m \u001b[38;5;28;01mreturn\u001b[39;00m \u001b[43m_read\u001b[49m\u001b[43m(\u001b[49m\u001b[43mfilepath_or_buffer\u001b[49m\u001b[43m,\u001b[49m\u001b[43m \u001b[49m\u001b[43mkwds\u001b[49m\u001b[43m)\u001b[49m\n",
      "File \u001b[1;32mc:\\Users\\Viktor C\\AppData\\Local\\Programs\\Python\\Python311\\Lib\\site-packages\\pandas\\io\\parsers\\readers.py:577\u001b[0m, in \u001b[0;36m_read\u001b[1;34m(filepath_or_buffer, kwds)\u001b[0m\n\u001b[0;32m    574\u001b[0m _validate_names(kwds\u001b[38;5;241m.\u001b[39mget(\u001b[38;5;124m\"\u001b[39m\u001b[38;5;124mnames\u001b[39m\u001b[38;5;124m\"\u001b[39m, \u001b[38;5;28;01mNone\u001b[39;00m))\n\u001b[0;32m    576\u001b[0m \u001b[38;5;66;03m# Create the parser.\u001b[39;00m\n\u001b[1;32m--> 577\u001b[0m parser \u001b[38;5;241m=\u001b[39m \u001b[43mTextFileReader\u001b[49m\u001b[43m(\u001b[49m\u001b[43mfilepath_or_buffer\u001b[49m\u001b[43m,\u001b[49m\u001b[43m \u001b[49m\u001b[38;5;241;43m*\u001b[39;49m\u001b[38;5;241;43m*\u001b[39;49m\u001b[43mkwds\u001b[49m\u001b[43m)\u001b[49m\n\u001b[0;32m    579\u001b[0m \u001b[38;5;28;01mif\u001b[39;00m chunksize \u001b[38;5;129;01mor\u001b[39;00m iterator:\n\u001b[0;32m    580\u001b[0m     \u001b[38;5;28;01mreturn\u001b[39;00m parser\n",
      "File \u001b[1;32mc:\\Users\\Viktor C\\AppData\\Local\\Programs\\Python\\Python311\\Lib\\site-packages\\pandas\\io\\parsers\\readers.py:1407\u001b[0m, in \u001b[0;36mTextFileReader.__init__\u001b[1;34m(self, f, engine, **kwds)\u001b[0m\n\u001b[0;32m   1404\u001b[0m     \u001b[38;5;28mself\u001b[39m\u001b[38;5;241m.\u001b[39moptions[\u001b[38;5;124m\"\u001b[39m\u001b[38;5;124mhas_index_names\u001b[39m\u001b[38;5;124m\"\u001b[39m] \u001b[38;5;241m=\u001b[39m kwds[\u001b[38;5;124m\"\u001b[39m\u001b[38;5;124mhas_index_names\u001b[39m\u001b[38;5;124m\"\u001b[39m]\n\u001b[0;32m   1406\u001b[0m \u001b[38;5;28mself\u001b[39m\u001b[38;5;241m.\u001b[39mhandles: IOHandles \u001b[38;5;241m|\u001b[39m \u001b[38;5;28;01mNone\u001b[39;00m \u001b[38;5;241m=\u001b[39m \u001b[38;5;28;01mNone\u001b[39;00m\n\u001b[1;32m-> 1407\u001b[0m \u001b[38;5;28mself\u001b[39m\u001b[38;5;241m.\u001b[39m_engine \u001b[38;5;241m=\u001b[39m \u001b[38;5;28;43mself\u001b[39;49m\u001b[38;5;241;43m.\u001b[39;49m\u001b[43m_make_engine\u001b[49m\u001b[43m(\u001b[49m\u001b[43mf\u001b[49m\u001b[43m,\u001b[49m\u001b[43m \u001b[49m\u001b[38;5;28;43mself\u001b[39;49m\u001b[38;5;241;43m.\u001b[39;49m\u001b[43mengine\u001b[49m\u001b[43m)\u001b[49m\n",
      "File \u001b[1;32mc:\\Users\\Viktor C\\AppData\\Local\\Programs\\Python\\Python311\\Lib\\site-packages\\pandas\\io\\parsers\\readers.py:1661\u001b[0m, in \u001b[0;36mTextFileReader._make_engine\u001b[1;34m(self, f, engine)\u001b[0m\n\u001b[0;32m   1659\u001b[0m     \u001b[38;5;28;01mif\u001b[39;00m \u001b[38;5;124m\"\u001b[39m\u001b[38;5;124mb\u001b[39m\u001b[38;5;124m\"\u001b[39m \u001b[38;5;129;01mnot\u001b[39;00m \u001b[38;5;129;01min\u001b[39;00m mode:\n\u001b[0;32m   1660\u001b[0m         mode \u001b[38;5;241m+\u001b[39m\u001b[38;5;241m=\u001b[39m \u001b[38;5;124m\"\u001b[39m\u001b[38;5;124mb\u001b[39m\u001b[38;5;124m\"\u001b[39m\n\u001b[1;32m-> 1661\u001b[0m \u001b[38;5;28mself\u001b[39m\u001b[38;5;241m.\u001b[39mhandles \u001b[38;5;241m=\u001b[39m \u001b[43mget_handle\u001b[49m\u001b[43m(\u001b[49m\n\u001b[0;32m   1662\u001b[0m \u001b[43m    \u001b[49m\u001b[43mf\u001b[49m\u001b[43m,\u001b[49m\n\u001b[0;32m   1663\u001b[0m \u001b[43m    \u001b[49m\u001b[43mmode\u001b[49m\u001b[43m,\u001b[49m\n\u001b[0;32m   1664\u001b[0m \u001b[43m    \u001b[49m\u001b[43mencoding\u001b[49m\u001b[38;5;241;43m=\u001b[39;49m\u001b[38;5;28;43mself\u001b[39;49m\u001b[38;5;241;43m.\u001b[39;49m\u001b[43moptions\u001b[49m\u001b[38;5;241;43m.\u001b[39;49m\u001b[43mget\u001b[49m\u001b[43m(\u001b[49m\u001b[38;5;124;43m\"\u001b[39;49m\u001b[38;5;124;43mencoding\u001b[39;49m\u001b[38;5;124;43m\"\u001b[39;49m\u001b[43m,\u001b[49m\u001b[43m \u001b[49m\u001b[38;5;28;43;01mNone\u001b[39;49;00m\u001b[43m)\u001b[49m\u001b[43m,\u001b[49m\n\u001b[0;32m   1665\u001b[0m \u001b[43m    \u001b[49m\u001b[43mcompression\u001b[49m\u001b[38;5;241;43m=\u001b[39;49m\u001b[38;5;28;43mself\u001b[39;49m\u001b[38;5;241;43m.\u001b[39;49m\u001b[43moptions\u001b[49m\u001b[38;5;241;43m.\u001b[39;49m\u001b[43mget\u001b[49m\u001b[43m(\u001b[49m\u001b[38;5;124;43m\"\u001b[39;49m\u001b[38;5;124;43mcompression\u001b[39;49m\u001b[38;5;124;43m\"\u001b[39;49m\u001b[43m,\u001b[49m\u001b[43m \u001b[49m\u001b[38;5;28;43;01mNone\u001b[39;49;00m\u001b[43m)\u001b[49m\u001b[43m,\u001b[49m\n\u001b[0;32m   1666\u001b[0m \u001b[43m    \u001b[49m\u001b[43mmemory_map\u001b[49m\u001b[38;5;241;43m=\u001b[39;49m\u001b[38;5;28;43mself\u001b[39;49m\u001b[38;5;241;43m.\u001b[39;49m\u001b[43moptions\u001b[49m\u001b[38;5;241;43m.\u001b[39;49m\u001b[43mget\u001b[49m\u001b[43m(\u001b[49m\u001b[38;5;124;43m\"\u001b[39;49m\u001b[38;5;124;43mmemory_map\u001b[39;49m\u001b[38;5;124;43m\"\u001b[39;49m\u001b[43m,\u001b[49m\u001b[43m \u001b[49m\u001b[38;5;28;43;01mFalse\u001b[39;49;00m\u001b[43m)\u001b[49m\u001b[43m,\u001b[49m\n\u001b[0;32m   1667\u001b[0m \u001b[43m    \u001b[49m\u001b[43mis_text\u001b[49m\u001b[38;5;241;43m=\u001b[39;49m\u001b[43mis_text\u001b[49m\u001b[43m,\u001b[49m\n\u001b[0;32m   1668\u001b[0m \u001b[43m    \u001b[49m\u001b[43merrors\u001b[49m\u001b[38;5;241;43m=\u001b[39;49m\u001b[38;5;28;43mself\u001b[39;49m\u001b[38;5;241;43m.\u001b[39;49m\u001b[43moptions\u001b[49m\u001b[38;5;241;43m.\u001b[39;49m\u001b[43mget\u001b[49m\u001b[43m(\u001b[49m\u001b[38;5;124;43m\"\u001b[39;49m\u001b[38;5;124;43mencoding_errors\u001b[39;49m\u001b[38;5;124;43m\"\u001b[39;49m\u001b[43m,\u001b[49m\u001b[43m \u001b[49m\u001b[38;5;124;43m\"\u001b[39;49m\u001b[38;5;124;43mstrict\u001b[39;49m\u001b[38;5;124;43m\"\u001b[39;49m\u001b[43m)\u001b[49m\u001b[43m,\u001b[49m\n\u001b[0;32m   1669\u001b[0m \u001b[43m    \u001b[49m\u001b[43mstorage_options\u001b[49m\u001b[38;5;241;43m=\u001b[39;49m\u001b[38;5;28;43mself\u001b[39;49m\u001b[38;5;241;43m.\u001b[39;49m\u001b[43moptions\u001b[49m\u001b[38;5;241;43m.\u001b[39;49m\u001b[43mget\u001b[49m\u001b[43m(\u001b[49m\u001b[38;5;124;43m\"\u001b[39;49m\u001b[38;5;124;43mstorage_options\u001b[39;49m\u001b[38;5;124;43m\"\u001b[39;49m\u001b[43m,\u001b[49m\u001b[43m \u001b[49m\u001b[38;5;28;43;01mNone\u001b[39;49;00m\u001b[43m)\u001b[49m\u001b[43m,\u001b[49m\n\u001b[0;32m   1670\u001b[0m \u001b[43m\u001b[49m\u001b[43m)\u001b[49m\n\u001b[0;32m   1671\u001b[0m \u001b[38;5;28;01massert\u001b[39;00m \u001b[38;5;28mself\u001b[39m\u001b[38;5;241m.\u001b[39mhandles \u001b[38;5;129;01mis\u001b[39;00m \u001b[38;5;129;01mnot\u001b[39;00m \u001b[38;5;28;01mNone\u001b[39;00m\n\u001b[0;32m   1672\u001b[0m f \u001b[38;5;241m=\u001b[39m \u001b[38;5;28mself\u001b[39m\u001b[38;5;241m.\u001b[39mhandles\u001b[38;5;241m.\u001b[39mhandle\n",
      "File \u001b[1;32mc:\\Users\\Viktor C\\AppData\\Local\\Programs\\Python\\Python311\\Lib\\site-packages\\pandas\\io\\common.py:859\u001b[0m, in \u001b[0;36mget_handle\u001b[1;34m(path_or_buf, mode, encoding, compression, memory_map, is_text, errors, storage_options)\u001b[0m\n\u001b[0;32m    854\u001b[0m \u001b[38;5;28;01melif\u001b[39;00m \u001b[38;5;28misinstance\u001b[39m(handle, \u001b[38;5;28mstr\u001b[39m):\n\u001b[0;32m    855\u001b[0m     \u001b[38;5;66;03m# Check whether the filename is to be opened in binary mode.\u001b[39;00m\n\u001b[0;32m    856\u001b[0m     \u001b[38;5;66;03m# Binary mode does not support 'encoding' and 'newline'.\u001b[39;00m\n\u001b[0;32m    857\u001b[0m     \u001b[38;5;28;01mif\u001b[39;00m ioargs\u001b[38;5;241m.\u001b[39mencoding \u001b[38;5;129;01mand\u001b[39;00m \u001b[38;5;124m\"\u001b[39m\u001b[38;5;124mb\u001b[39m\u001b[38;5;124m\"\u001b[39m \u001b[38;5;129;01mnot\u001b[39;00m \u001b[38;5;129;01min\u001b[39;00m ioargs\u001b[38;5;241m.\u001b[39mmode:\n\u001b[0;32m    858\u001b[0m         \u001b[38;5;66;03m# Encoding\u001b[39;00m\n\u001b[1;32m--> 859\u001b[0m         handle \u001b[38;5;241m=\u001b[39m \u001b[38;5;28mopen\u001b[39m(\n\u001b[0;32m    860\u001b[0m             handle,\n\u001b[0;32m    861\u001b[0m             ioargs\u001b[38;5;241m.\u001b[39mmode,\n\u001b[0;32m    862\u001b[0m             encoding\u001b[38;5;241m=\u001b[39mioargs\u001b[38;5;241m.\u001b[39mencoding,\n\u001b[0;32m    863\u001b[0m             errors\u001b[38;5;241m=\u001b[39merrors,\n\u001b[0;32m    864\u001b[0m             newline\u001b[38;5;241m=\u001b[39m\u001b[38;5;124m\"\u001b[39m\u001b[38;5;124m\"\u001b[39m,\n\u001b[0;32m    865\u001b[0m         )\n\u001b[0;32m    866\u001b[0m     \u001b[38;5;28;01melse\u001b[39;00m:\n\u001b[0;32m    867\u001b[0m         \u001b[38;5;66;03m# Binary mode\u001b[39;00m\n\u001b[0;32m    868\u001b[0m         handle \u001b[38;5;241m=\u001b[39m \u001b[38;5;28mopen\u001b[39m(handle, ioargs\u001b[38;5;241m.\u001b[39mmode)\n",
      "\u001b[1;31mFileNotFoundError\u001b[0m: [Errno 2] No such file or directory: '../src/external_data/cleaned_with_popdensity.csv'"
     ]
    }
   ],
   "source": [
    "# Setup\n",
    "import pandas as pd\n",
    "\n",
    "data = pd.read_csv('../src/cleaned_data.csv')\n",
    "raw = pd.read_csv('../src/raw_data.csv')\n",
    "popdense = pd.read_csv('../src/external_data/cleaned_with_popdensity.csv')"
   ]
  },
  {
   "cell_type": "code",
   "execution_count": 3,
   "metadata": {},
   "outputs": [],
   "source": [
    "import plotly.express as px\n",
    "import scipy.stats as stats"
   ]
  },
  {
   "cell_type": "markdown",
   "metadata": {},
   "source": [
    "# Pt1: Exploriation"
   ]
  },
  {
   "cell_type": "code",
   "execution_count": 55,
   "metadata": {},
   "outputs": [
    {
     "data": {
      "text/plain": [
       "Unnamed: 0          18547\n",
       "ID                  18547\n",
       "City                 1788\n",
       "PostalCode            913\n",
       "Region                  3\n",
       "District               43\n",
       "Province               11\n",
       "PropertyType            2\n",
       "PropertySubType        23\n",
       "Price                1765\n",
       "SaleType                4\n",
       "ConstructionYear      204\n",
       "BedroomCount           26\n",
       "LivingArea            681\n",
       "KitchenType             9\n",
       "Furnished               2\n",
       "Fireplace               2\n",
       "Terrace                 2\n",
       "TerraceArea           181\n",
       "Garden                  2\n",
       "GardenArea           2261\n",
       "Facades                 8\n",
       "SwimmingPool            2\n",
       "Condition               7\n",
       "EPCScore               12\n",
       "Latitude                5\n",
       "Longitude               6\n",
       "Property url        18547\n",
       "dtype: int64"
      ]
     },
     "execution_count": 55,
     "metadata": {},
     "output_type": "execute_result"
    }
   ],
   "source": [
    "# data.head()\n",
    "data.nunique()\n",
    "# data.info()\n"
   ]
  },
  {
   "cell_type": "code",
   "execution_count": 92,
   "metadata": {},
   "outputs": [
    {
     "data": {
      "text/plain": [
       "Index(['Unnamed: 0', 'ID', 'City', 'PostalCode', 'Region', 'District',\n",
       "       'Province', 'PropertyType', 'PropertySubType', 'Price', 'SaleType',\n",
       "       'ConstructionYear', 'BedroomCount', 'LivingArea', 'KitchenType',\n",
       "       'Furnished', 'Fireplace', 'Terrace', 'TerraceArea', 'Garden',\n",
       "       'GardenArea', 'Facades', 'SwimmingPool', 'Condition', 'EPCScore',\n",
       "       'Latitude', 'Longitude', 'Property url'],\n",
       "      dtype='object')"
      ]
     },
     "execution_count": 92,
     "metadata": {},
     "output_type": "execute_result"
    }
   ],
   "source": [
    "data.columns"
   ]
  },
  {
   "cell_type": "code",
   "execution_count": 79,
   "metadata": {},
   "outputs": [
    {
     "data": {
      "text/plain": [
       "array(['Residential_Sale', 'Annuity_Monthly_Amount',\n",
       "       'First_Session_With_Reserve_Price', 'Annuity_Without_Lump_Sum'],\n",
       "      dtype=object)"
      ]
     },
     "execution_count": 79,
     "metadata": {},
     "output_type": "execute_result"
    }
   ],
   "source": [
    "# data['PropertySubType'].unique()\n",
    "# raw_data['District'].unique()\n",
    "# data['Condition'].unique()\n",
    "data['SaleType'].unique()\n"
   ]
  },
  {
   "cell_type": "code",
   "execution_count": null,
   "metadata": {},
   "outputs": [],
   "source": [
    "# data['Condition'].value_counts()\n",
    "# data['SaleType'].value_counts()\n",
    "data['ConstructionYear'].value_counts()"
   ]
  },
  {
   "cell_type": "code",
   "execution_count": 83,
   "metadata": {},
   "outputs": [
    {
     "data": {
      "text/plain": [
       "1517.7784008195395"
      ]
     },
     "execution_count": 83,
     "metadata": {},
     "output_type": "execute_result"
    }
   ],
   "source": [
    "data['ConstructionYear'].mean()"
   ]
  },
  {
   "cell_type": "markdown",
   "metadata": {},
   "source": [
    "# Pt 2: Exploring stats"
   ]
  },
  {
   "cell_type": "markdown",
   "metadata": {},
   "source": [
    "How many observations and features do you have?\n"
   ]
  },
  {
   "cell_type": "code",
   "execution_count": 63,
   "metadata": {},
   "outputs": [
    {
     "data": {
      "text/plain": [
       "(18547, 28)"
      ]
     },
     "execution_count": 63,
     "metadata": {},
     "output_type": "execute_result"
    }
   ],
   "source": [
    "data.shape"
   ]
  },
  {
   "cell_type": "markdown",
   "metadata": {},
   "source": [
    "What is the proportion of missing values per column? -> double check for bias in proportion: poolspace will be missing for most appartments I guess, change to None instead of missing\n"
   ]
  },
  {
   "cell_type": "code",
   "execution_count": 64,
   "metadata": {},
   "outputs": [],
   "source": [
    "# Proportion = n / total (18598 or data.shape[0]) *100\n",
    "for column in data.columns:\n",
    "    missingprop = data[column].isna().sum() / data.shape[0] *100\n",
    "    if missingprop > 0 :\n",
    "        print(f'{column}: {round(missingprop, 2)}%')"
   ]
  },
  {
   "cell_type": "markdown",
   "metadata": {},
   "source": [
    "What variables are most subject to outliers?\n"
   ]
  },
  {
   "cell_type": "code",
   "execution_count": 30,
   "metadata": {},
   "outputs": [
    {
     "name": "stdout",
     "output_type": "stream",
     "text": [
      "Price\n",
      "5271 outliers\n",
      "below Q1 - 1.5*IQR: 0\n",
      "above Q3 + 1.5*IQR: 5271\n",
      "ConstructionYear\n",
      "807 outliers\n",
      "below Q1 - 1.5*IQR: 807\n",
      "above Q3 + 1.5*IQR: 0\n",
      "BedroomCount\n",
      "1091 outliers\n",
      "below Q1 - 1.5*IQR: 0\n",
      "above Q3 + 1.5*IQR: 1091\n",
      "LivingArea\n",
      "3889 outliers\n",
      "below Q1 - 1.5*IQR: 0\n",
      "above Q3 + 1.5*IQR: 3889\n",
      "TerraceArea\n",
      "8524 outliers\n",
      "below Q1 - 1.5*IQR: 0\n",
      "above Q3 + 1.5*IQR: 8524\n",
      "GardenArea\n",
      "6888 outliers\n",
      "below Q1 - 1.5*IQR: 0\n",
      "above Q3 + 1.5*IQR: 6888\n",
      "Facades\n",
      "19 outliers\n",
      "below Q1 - 1.5*IQR: 0\n",
      "above Q3 + 1.5*IQR: 19\n"
     ]
    }
   ],
   "source": [
    "# calculate IQR for column\n",
    "for column in data.columns:\n",
    "    if column in ['Price', 'ConstructionYear','BedroomCount', 'LivingArea', 'TerraceArea', 'GardenArea', 'Facades',]:\n",
    "        print(column)\n",
    "        # setting IQR\n",
    "        data[column].dropna()\n",
    "        Q1 = data[column].quantile(0.25)\n",
    "        Q3 = data[column].quantile(0.75)\n",
    "        IQR = Q3 - Q1\n",
    "        # identify outliers\n",
    "        threshold = 1.5\n",
    "        outliers = data[(data[column] < Q1 - threshold * IQR) | (data[column] > Q3 + threshold * IQR)]\n",
    "        lower = data[(data[column] < Q1 - threshold * IQR)]\n",
    "        upper = data[(data[column] > Q3 + threshold * IQR)]\n",
    "        print(len(outliers), f'outliers\\nbelow Q1 - 1.5*IQR: {len(lower)}\\nabove Q3 + 1.5*IQR: {len(upper)}')\n",
    "        # if column == 'ConstructionYear':\n",
    "        #     print(lower[column])\n",
    "        #     print(upper[column])"
   ]
  },
  {
   "cell_type": "code",
   "execution_count": null,
   "metadata": {},
   "outputs": [],
   "source": [
    "for column in raw.columns:\n",
    "    if column in ['Price', 'ConstructionYear','BedroomCount', 'LivingArea', 'TerraceArea', 'GardenArea', 'Facades',]:\n",
    "        print(column)\n",
    "        # setting IQR\n",
    "        raw[column].dropna()\n",
    "        Q1 = raw[column].quantile(0.25)\n",
    "        Q3 = raw[column].quantile(0.75)\n",
    "        IQR = Q3 - Q1\n",
    "        # identify outliers\n",
    "        threshold = 1.5\n",
    "        outliers = raw[(raw[column] < Q1 - threshold * IQR) | (raw[column] > Q3 + threshold * IQR)]\n",
    "        lower = raw[(raw[column] < Q1 - threshold * IQR)]\n",
    "        upper = raw[(raw[column] > Q3 + threshold * IQR)]\n",
    "        # print(len(outliers), f'outliers \\nbelow Q1 - 1.5*IQR: {len(lower)}\\nabove Q3 + 1.5*IQR: {len(upper)}')\n",
    "        if column == 'ConstructionYear':\n",
    "            print(lower[column])\n",
    "            print(upper[column])\n",
    "\n"
   ]
  },
  {
   "cell_type": "markdown",
   "metadata": {},
   "source": [
    "What is the correlation between the variables and the price? Why do you think some variables are more correlated than others?\n"
   ]
  },
  {
   "cell_type": "code",
   "execution_count": 116,
   "metadata": {},
   "outputs": [
    {
     "name": "stdout",
     "output_type": "stream",
     "text": [
      "         Unnamed: 0            ID    PostalCode         Price  \\\n",
      "count  18547.000000  1.854700e+04  18547.000000  1.854700e+04   \n",
      "mean    9293.025718  1.098044e+07   4980.949318  5.029269e+05   \n",
      "std     5367.315589  2.351815e+05   3235.516327  5.782303e+05   \n",
      "min        0.000000  7.710166e+06   1000.000000  9.980000e+02   \n",
      "25%     4641.500000  1.092304e+07   1731.000000  2.450000e+05   \n",
      "50%     9302.000000  1.105838e+07   4300.000000  3.490000e+05   \n",
      "75%    13940.500000  1.112190e+07   8400.000000  5.350000e+05   \n",
      "max    18595.000000  1.116037e+07   9991.000000  1.145000e+07   \n",
      "\n",
      "       ConstructionYear  BedroomCount    LivingArea     Furnished  \\\n",
      "count      18547.000000  18547.000000  18547.000000  18547.000000   \n",
      "mean        1517.778401      2.926781    168.033105      0.028953   \n",
      "std          840.534786      1.628605    165.412808      0.167680   \n",
      "min           -1.000000      0.000000     -1.000000      0.000000   \n",
      "25%         1874.000000      2.000000     90.000000      0.000000   \n",
      "50%         1966.000000      3.000000    133.000000      0.000000   \n",
      "75%         2005.000000      4.000000    200.000000      0.000000   \n",
      "max         9999.000000     35.000000  11000.000000      1.000000   \n",
      "\n",
      "          Fireplace       Terrace   TerraceArea        Garden     GardenArea  \\\n",
      "count  18547.000000  18547.000000  18547.000000  18547.000000   18547.000000   \n",
      "mean       0.179274      0.658004     12.542190      0.276271     705.440880   \n",
      "std        0.383592      0.474391     43.096502      0.447165    7710.984406   \n",
      "min        0.000000      0.000000      0.000000      0.000000       0.000000   \n",
      "25%        0.000000      0.000000      0.000000      0.000000       0.000000   \n",
      "50%        0.000000      1.000000      0.000000      0.000000       0.000000   \n",
      "75%        0.000000      1.000000     15.000000      1.000000     445.000000   \n",
      "max        1.000000      1.000000   3466.000000      1.000000  917440.000000   \n",
      "\n",
      "            Facades  SwimmingPool      Latitude     Longitude  \n",
      "count  18547.000000  18547.000000  18547.000000  18547.000000  \n",
      "mean       1.827196      0.029115     42.990996      3.095002  \n",
      "std        1.789728      0.168134     17.983834      1.833531  \n",
      "min       -1.000000      0.000000     -1.000000     -1.000000  \n",
      "25%        1.000000      0.000000     50.000000      3.000000  \n",
      "50%        2.000000      0.000000     50.000000      4.000000  \n",
      "75%        3.000000      0.000000     51.000000      4.000000  \n",
      "max        8.000000      1.000000     51.000000      6.000000  \n"
     ]
    }
   ],
   "source": [
    "# pandas get_dummies for one-hot encoding\n",
    "data_encoded = pd.get_dummies(data, columns=['City', 'Region', 'District', 'Province', 'PropertyType', 'PropertySubType', 'SaleType', 'KitchenType', 'Condition', 'EPCScore'])\n",
    "# Now, calculate the correlation of these one-hot encoded variables with Price\n",
    "print(data_encoded.describe())\n",
    "# correlations = data_encoded.corrwith(data_encoded['Price']).sort_values(ascending=False)\n",
    "# print(correlations)"
   ]
  },
  {
   "cell_type": "code",
   "execution_count": null,
   "metadata": {},
   "outputs": [],
   "source": [
    "\n",
    "print('Correlations to price:')\n",
    "for column in data.columns:\n",
    "    if column in ['ConstructionYear', 'BedroomCount', 'LivingArea', 'Furnished', 'Fireplace', 'Terrace', 'TerraceArea', 'Garden',\n",
    "       'GardenArea', 'Facades', 'SwimmingPool']:\n",
    "        print(column, round(data[column].corr(data['Price']), 2))\n",
    "\n",
    "\n"
   ]
  },
  {
   "cell_type": "markdown",
   "metadata": {},
   "source": [
    "How are the variables themselves correlated to each other? Can you find groups of variables that are correlated together?\n"
   ]
  },
  {
   "cell_type": "code",
   "execution_count": 97,
   "metadata": {},
   "outputs": [
    {
     "ename": "ValueError",
     "evalue": "Mime type rendering requires nbformat>=4.2.0 but it is not installed",
     "output_type": "error",
     "traceback": [
      "\u001b[1;31m---------------------------------------------------------------------------\u001b[0m",
      "\u001b[1;31mValueError\u001b[0m                                Traceback (most recent call last)",
      "File \u001b[1;32m~\\AppData\\Roaming\\Python\\Python311\\site-packages\\IPython\\core\\formatters.py:922\u001b[0m, in \u001b[0;36mIPythonDisplayFormatter.__call__\u001b[1;34m(self, obj)\u001b[0m\n\u001b[0;32m    920\u001b[0m method \u001b[38;5;241m=\u001b[39m get_real_method(obj, \u001b[38;5;28mself\u001b[39m\u001b[38;5;241m.\u001b[39mprint_method)\n\u001b[0;32m    921\u001b[0m \u001b[38;5;28;01mif\u001b[39;00m method \u001b[38;5;129;01mis\u001b[39;00m \u001b[38;5;129;01mnot\u001b[39;00m \u001b[38;5;28;01mNone\u001b[39;00m:\n\u001b[1;32m--> 922\u001b[0m     \u001b[43mmethod\u001b[49m\u001b[43m(\u001b[49m\u001b[43m)\u001b[49m\n\u001b[0;32m    923\u001b[0m     \u001b[38;5;28;01mreturn\u001b[39;00m \u001b[38;5;28;01mTrue\u001b[39;00m\n",
      "File \u001b[1;32mc:\\Users\\Viktor C\\AppData\\Local\\Programs\\Python\\Python311\\Lib\\site-packages\\plotly\\basedatatypes.py:832\u001b[0m, in \u001b[0;36mBaseFigure._ipython_display_\u001b[1;34m(self)\u001b[0m\n\u001b[0;32m    829\u001b[0m \u001b[38;5;28;01mimport\u001b[39;00m \u001b[38;5;21;01mplotly\u001b[39;00m\u001b[38;5;21;01m.\u001b[39;00m\u001b[38;5;21;01mio\u001b[39;00m \u001b[38;5;28;01mas\u001b[39;00m \u001b[38;5;21;01mpio\u001b[39;00m\n\u001b[0;32m    831\u001b[0m \u001b[38;5;28;01mif\u001b[39;00m pio\u001b[38;5;241m.\u001b[39mrenderers\u001b[38;5;241m.\u001b[39mrender_on_display \u001b[38;5;129;01mand\u001b[39;00m pio\u001b[38;5;241m.\u001b[39mrenderers\u001b[38;5;241m.\u001b[39mdefault:\n\u001b[1;32m--> 832\u001b[0m     \u001b[43mpio\u001b[49m\u001b[38;5;241;43m.\u001b[39;49m\u001b[43mshow\u001b[49m\u001b[43m(\u001b[49m\u001b[38;5;28;43mself\u001b[39;49m\u001b[43m)\u001b[49m\n\u001b[0;32m    833\u001b[0m \u001b[38;5;28;01melse\u001b[39;00m:\n\u001b[0;32m    834\u001b[0m     \u001b[38;5;28mprint\u001b[39m(\u001b[38;5;28mrepr\u001b[39m(\u001b[38;5;28mself\u001b[39m))\n",
      "File \u001b[1;32mc:\\Users\\Viktor C\\AppData\\Local\\Programs\\Python\\Python311\\Lib\\site-packages\\plotly\\io\\_renderers.py:394\u001b[0m, in \u001b[0;36mshow\u001b[1;34m(fig, renderer, validate, **kwargs)\u001b[0m\n\u001b[0;32m    389\u001b[0m         \u001b[38;5;28;01mraise\u001b[39;00m \u001b[38;5;167;01mValueError\u001b[39;00m(\n\u001b[0;32m    390\u001b[0m             \u001b[38;5;124m\"\u001b[39m\u001b[38;5;124mMime type rendering requires ipython but it is not installed\u001b[39m\u001b[38;5;124m\"\u001b[39m\n\u001b[0;32m    391\u001b[0m         )\n\u001b[0;32m    393\u001b[0m     \u001b[38;5;28;01mif\u001b[39;00m \u001b[38;5;129;01mnot\u001b[39;00m nbformat \u001b[38;5;129;01mor\u001b[39;00m Version(nbformat\u001b[38;5;241m.\u001b[39m__version__) \u001b[38;5;241m<\u001b[39m Version(\u001b[38;5;124m\"\u001b[39m\u001b[38;5;124m4.2.0\u001b[39m\u001b[38;5;124m\"\u001b[39m):\n\u001b[1;32m--> 394\u001b[0m         \u001b[38;5;28;01mraise\u001b[39;00m \u001b[38;5;167;01mValueError\u001b[39;00m(\n\u001b[0;32m    395\u001b[0m             \u001b[38;5;124m\"\u001b[39m\u001b[38;5;124mMime type rendering requires nbformat>=4.2.0 but it is not installed\u001b[39m\u001b[38;5;124m\"\u001b[39m\n\u001b[0;32m    396\u001b[0m         )\n\u001b[0;32m    398\u001b[0m     ipython_display\u001b[38;5;241m.\u001b[39mdisplay(bundle, raw\u001b[38;5;241m=\u001b[39m\u001b[38;5;28;01mTrue\u001b[39;00m)\n\u001b[0;32m    400\u001b[0m \u001b[38;5;66;03m# external renderers\u001b[39;00m\n",
      "\u001b[1;31mValueError\u001b[0m: Mime type rendering requires nbformat>=4.2.0 but it is not installed"
     ]
    },
    {
     "data": {
      "application/vnd.plotly.v1+json": {
       "config": {
        "plotlyServerURL": "https://plot.ly"
       },
       "data": [
        {
         "coloraxis": "coloraxis",
         "hovertemplate": "x: %{x}<br>y: %{y}<br>color: %{z}<extra></extra>",
         "name": "0",
         "type": "heatmap",
         "x": [
          "Price",
          "ConstructionYear",
          "BedroomCount",
          "LivingArea",
          "Furnished",
          "Fireplace",
          "Terrace",
          "TerraceArea",
          "Garden",
          "GardenArea",
          "Facades",
          "SwimmingPool"
         ],
         "xaxis": "x",
         "y": [
          "Price",
          "ConstructionYear",
          "BedroomCount",
          "LivingArea",
          "Furnished",
          "Fireplace",
          "Terrace",
          "TerraceArea",
          "Garden",
          "GardenArea",
          "Facades",
          "SwimmingPool"
         ],
         "yaxis": "y",
         "z": [
          [
           1,
           0.1097154828945482,
           0.37697909519778466,
           0.47739211511732893,
           0.04356630363723111,
           -0.04483611156748134,
           0.07219621382518603,
           0.13501821316633605,
           0.03915825441620486,
           0.1281298721300437,
           0.11970308766486236,
           0.26629233973427097
          ],
          [
           0.1097154828945482,
           1,
           -0.021710788576251413,
           -0.0075976441697044065,
           0.01806882666504731,
           -0.11302322627300308,
           0.0856338315896795,
           0.0169486698163238,
           -0.015148588839699844,
           -0.009548718394992248,
           0.0229845679281089,
           0.0005534841081227635
          ],
          [
           0.37697909519778466,
           -0.021710788576251413,
           1,
           0.5667229422950447,
           -0.032910805037069044,
           0.049667831494785576,
           0.04372870898286807,
           0.0963994105867608,
           0.2482692484133891,
           0.1128054898020695,
           0.22700670668942385,
           0.1371587322532225
          ],
          [
           0.47739211511732893,
           -0.0075976441697044065,
           0.5667229422950447,
           1,
           -0.03489844122087889,
           0.06457622062863223,
           0.024021655796741117,
           0.08596349533647203,
           0.15350365712488384,
           0.14580755625156047,
           0.19500441810479693,
           0.2056313954606412
          ],
          [
           0.04356630363723111,
           0.01806882666504731,
           -0.032910805037069044,
           -0.03489844122087889,
           1,
           -0.009447848871991094,
           0.0065424756709045,
           0.0008345224523310217,
           -0.04052776350705475,
           -0.0021855131290019806,
           0.01397775051011294,
           0.006435962379380354
          ],
          [
           -0.04483611156748134,
           -0.11302322627300308,
           0.049667831494785576,
           0.06457622062863223,
           -0.009447848871991094,
           1,
           0.005670369327497728,
           0.0007802461509052192,
           0.15541390499554555,
           0.017768309079473972,
           0.14102508817199436,
           0.014373021389726811
          ],
          [
           0.07219621382518603,
           0.0856338315896795,
           0.04372870898286807,
           0.024021655796741117,
           0.0065424756709045,
           0.005670369327497728,
           1,
           0.2098137083729314,
           0.1505746242326194,
           -0.009487405554347204,
           0.22836746407866235,
           0.08428435027819554
          ],
          [
           0.13501821316633605,
           0.0169486698163238,
           0.0963994105867608,
           0.08596349533647203,
           0.0008345224523310217,
           0.0007802461509052192,
           0.2098137083729314,
           1,
           0.13997545494440655,
           0.018734872861526888,
           0.09697621200925259,
           0.08534653694046085
          ],
          [
           0.03915825441620486,
           -0.015148588839699844,
           0.2482692484133891,
           0.15350365712488384,
           -0.04052776350705475,
           0.15541390499554555,
           0.1505746242326194,
           0.13997545494440655,
           1,
           0.039543988637845064,
           0.27471597142193566,
           0.08305893310322282
          ],
          [
           0.1281298721300437,
           -0.009548718394992248,
           0.1128054898020695,
           0.14580755625156047,
           -0.0021855131290019806,
           0.017768309079473972,
           -0.009487405554347204,
           0.018734872861526888,
           0.039543988637845064,
           1,
           0.06760207941906785,
           0.08618861971843396
          ],
          [
           0.11970308766486236,
           0.0229845679281089,
           0.22700670668942385,
           0.19500441810479693,
           0.01397775051011294,
           0.14102508817199436,
           0.22836746407866235,
           0.09697621200925259,
           0.27471597142193566,
           0.06760207941906785,
           1,
           0.1545157517983156
          ],
          [
           0.26629233973427097,
           0.0005534841081227635,
           0.1371587322532225,
           0.2056313954606412,
           0.006435962379380354,
           0.014373021389726811,
           0.08428435027819554,
           0.08534653694046085,
           0.08305893310322282,
           0.08618861971843396,
           0.1545157517983156,
           1
          ]
         ]
        }
       ],
       "layout": {
        "coloraxis": {
         "cmax": 1,
         "cmin": -1,
         "colorscale": [
          [
           0,
           "rgb(103,0,31)"
          ],
          [
           0.1,
           "rgb(178,24,43)"
          ],
          [
           0.2,
           "rgb(214,96,77)"
          ],
          [
           0.3,
           "rgb(244,165,130)"
          ],
          [
           0.4,
           "rgb(253,219,199)"
          ],
          [
           0.5,
           "rgb(247,247,247)"
          ],
          [
           0.6,
           "rgb(209,229,240)"
          ],
          [
           0.7,
           "rgb(146,197,222)"
          ],
          [
           0.8,
           "rgb(67,147,195)"
          ],
          [
           0.9,
           "rgb(33,102,172)"
          ],
          [
           1,
           "rgb(5,48,97)"
          ]
         ]
        },
        "margin": {
         "t": 60
        },
        "template": {
         "data": {
          "bar": [
           {
            "error_x": {
             "color": "#2a3f5f"
            },
            "error_y": {
             "color": "#2a3f5f"
            },
            "marker": {
             "line": {
              "color": "#E5ECF6",
              "width": 0.5
             },
             "pattern": {
              "fillmode": "overlay",
              "size": 10,
              "solidity": 0.2
             }
            },
            "type": "bar"
           }
          ],
          "barpolar": [
           {
            "marker": {
             "line": {
              "color": "#E5ECF6",
              "width": 0.5
             },
             "pattern": {
              "fillmode": "overlay",
              "size": 10,
              "solidity": 0.2
             }
            },
            "type": "barpolar"
           }
          ],
          "carpet": [
           {
            "aaxis": {
             "endlinecolor": "#2a3f5f",
             "gridcolor": "white",
             "linecolor": "white",
             "minorgridcolor": "white",
             "startlinecolor": "#2a3f5f"
            },
            "baxis": {
             "endlinecolor": "#2a3f5f",
             "gridcolor": "white",
             "linecolor": "white",
             "minorgridcolor": "white",
             "startlinecolor": "#2a3f5f"
            },
            "type": "carpet"
           }
          ],
          "choropleth": [
           {
            "colorbar": {
             "outlinewidth": 0,
             "ticks": ""
            },
            "type": "choropleth"
           }
          ],
          "contour": [
           {
            "colorbar": {
             "outlinewidth": 0,
             "ticks": ""
            },
            "colorscale": [
             [
              0,
              "#0d0887"
             ],
             [
              0.1111111111111111,
              "#46039f"
             ],
             [
              0.2222222222222222,
              "#7201a8"
             ],
             [
              0.3333333333333333,
              "#9c179e"
             ],
             [
              0.4444444444444444,
              "#bd3786"
             ],
             [
              0.5555555555555556,
              "#d8576b"
             ],
             [
              0.6666666666666666,
              "#ed7953"
             ],
             [
              0.7777777777777778,
              "#fb9f3a"
             ],
             [
              0.8888888888888888,
              "#fdca26"
             ],
             [
              1,
              "#f0f921"
             ]
            ],
            "type": "contour"
           }
          ],
          "contourcarpet": [
           {
            "colorbar": {
             "outlinewidth": 0,
             "ticks": ""
            },
            "type": "contourcarpet"
           }
          ],
          "heatmap": [
           {
            "colorbar": {
             "outlinewidth": 0,
             "ticks": ""
            },
            "colorscale": [
             [
              0,
              "#0d0887"
             ],
             [
              0.1111111111111111,
              "#46039f"
             ],
             [
              0.2222222222222222,
              "#7201a8"
             ],
             [
              0.3333333333333333,
              "#9c179e"
             ],
             [
              0.4444444444444444,
              "#bd3786"
             ],
             [
              0.5555555555555556,
              "#d8576b"
             ],
             [
              0.6666666666666666,
              "#ed7953"
             ],
             [
              0.7777777777777778,
              "#fb9f3a"
             ],
             [
              0.8888888888888888,
              "#fdca26"
             ],
             [
              1,
              "#f0f921"
             ]
            ],
            "type": "heatmap"
           }
          ],
          "heatmapgl": [
           {
            "colorbar": {
             "outlinewidth": 0,
             "ticks": ""
            },
            "colorscale": [
             [
              0,
              "#0d0887"
             ],
             [
              0.1111111111111111,
              "#46039f"
             ],
             [
              0.2222222222222222,
              "#7201a8"
             ],
             [
              0.3333333333333333,
              "#9c179e"
             ],
             [
              0.4444444444444444,
              "#bd3786"
             ],
             [
              0.5555555555555556,
              "#d8576b"
             ],
             [
              0.6666666666666666,
              "#ed7953"
             ],
             [
